id,y
0,76.0
1,75.0
2,89.0
3,72.0
4,81.0
5,84.0
6,59.0
7,65.0
8,71.0
9,55.0
10,80.0
11,62.0
12,53.0
13,79.0
14,65.0
15,64.0
16,78.0
17,65.0
18,71.0
19,79.0
20,77.0
21,64.0
22,77.0
23,72.0
24,81.0
25,77.0
26,78.0
27,58.0
28,75.0
29,86.0
30,61.0
31,70.0
32,78.0
33,68.0
34,67.0
35,78.0
36,78.0
37,79.0
38,66.0
39,68.0
40,72.0
41,60.0
42,84.0
43,68.0
44,73.0
45,59.0
46,74.0
47,72.0
48,73.0
49,52.0
50,57.0
51,60.0
52,64.0
53,83.0
54,64.0
55,73.0
56,65.0
57,70.0
58,82.0
59,69.0
60,76.0
61,58.0
62,56.0
63,62.0
64,60.0
65,72.0
66,76.0
67,73.0
68,69.0
69,69.0
70,69.0
71,81.0
72,78.0
73,83.0
74,60.0
75,83.0
76,73.0
77,75.0
78,77.0
79,61.0
80,55.0
81,77.0
82,54.0
83,73.0
84,65.0
85,59.0
86,69.0
87,63.0
88,61.0
89,82.0
90,62.0
91,71.0
92,80.0
93,73.0
94,86.0
95,70.0
96,73.0
97,71.0
98,83.0
99,58.0
100,76.0
101,74.0
102,63.0
103,68.0
104,60.0
105,59.0
106,80.0
107,71.0
108,76.0
109,61.0
110,71.0
111,79.0
112,72.0
113,73.0
114,65.0
115,55.0
116,65.0
117,77.0
118,77.0
119,66.0
120,70.0
121,62.0
122,72.0
123,78.0
124,78.0
125,56.0
126,71.0
127,70.0
128,59.0
129,49.0
130,67.0
131,75.0
132,82.0
133,76.0
134,78.0
135,65.0
136,72.0
137,59.0
138,72.0
139,81.0
140,63.0
141,67.0
142,72.0
143,78.0
144,67.0
145,79.0
146,54.0
147,72.0
148,80.0
149,71.0
150,57.0
151,58.0
152,64.0
153,67.0
154,69.0
155,62.0
156,69.0
157,72.0
158,66.0
159,79.0
160,80.0
161,76.0
162,76.0
163,58.0
164,85.0
165,77.0
166,78.0
167,57.0
168,67.0
169,79.0
170,71.0
171,57.0
172,78.0
173,76.0
174,74.0
175,77.0
176,58.0
177,75.0
178,81.0
179,77.0
180,72.0
181,71.0
182,66.0
183,67.0
184,55.0
185,75.0
186,66.0
187,67.0
188,84.0
189,67.0
190,75.0
191,68.0
192,78.0
193,68.0
194,75.0
195,59.0
196,77.0
197,65.0
198,68.0
199,66.0
200,59.0
201,59.0
202,54.0
203,76.0
204,69.0
205,69.0
206,65.0
207,80.0
208,73.0
209,89.0
210,62.0
211,63.0
212,66.0
213,64.0
214,71.0
215,78.0
216,65.0
217,70.0
218,82.0
219,59.0
220,77.0
221,72.0
222,75.0
223,74.0
224,81.0
225,58.0
226,77.0
227,69.0
228,82.0
229,55.0
230,59.0
231,61.0
232,68.0
233,71.0
234,60.0
235,61.0
236,85.0
237,60.0
238,73.0
239,67.0
240,76.0
241,56.0
242,74.0
243,58.0
244,75.0
245,78.0
246,59.0
247,70.0
248,76.0
249,71.0
250,61.0
251,61.0
252,71.0
253,73.0
254,68.0
255,81.0
256,52.0
257,81.0
258,68.0
259,77.0
260,73.0
261,64.0
262,81.0
263,70.0
264,73.0
265,75.0
266,77.0
267,66.0
268,62.0
269,75.0
270,77.0
271,66.0
272,71.0
273,74.0
274,87.0
275,56.0
276,56.0
277,58.0
278,87.0
279,63.0
280,70.0
281,68.0
282,82.0
283,82.0
284,56.0
285,79.0
286,71.0
287,57.0
288,66.0
289,60.0
290,65.0
291,75.0
292,77.0
293,61.0
294,68.0
295,55.0
296,73.0
297,74.0
298,80.0
299,75.0
300,77.0
301,73.0
302,78.0
303,58.0
304,71.0
305,70.0
306,64.0
307,71.0
308,77.0
309,70.0
310,77.0
311,66.0
312,79.0
313,79.0
314,64.0
315,67.0
316,62.0
317,57.0
318,53.0
319,77.0
320,70.0
321,75.0
322,75.0
323,72.0
324,81.0
325,74.0
326,75.0
327,67.0
328,74.0
329,71.0
330,79.0
331,70.0
332,67.0
333,70.0
334,58.0
335,75.0
336,63.0
337,80.0
338,67.0
339,67.0
340,72.0
341,73.0
342,79.0
343,55.0
344,80.0
345,62.0
346,73.0
347,75.0
348,57.0
349,71.0
350,76.0
351,69.0
352,79.0
353,79.0
354,72.0
355,54.0
356,66.0
357,82.0
358,68.0
359,67.0
360,65.0
361,84.0
362,78.0
363,59.0
364,76.0
365,84.0
366,65.0
367,71.0
368,54.0
369,72.0
370,62.0
371,71.0
372,61.0
373,62.0
374,79.0
375,59.0
376,79.0
377,79.0
378,77.0
379,68.0
380,80.0
381,77.0
382,78.0
383,77.0
384,76.0
385,68.0
386,64.0
387,66.0
388,68.0
389,68.0
390,69.0
391,77.0
392,62.0
393,67.0
394,64.0
395,85.0
396,77.0
397,73.0
398,69.0
399,71.0
400,61.0
401,65.0
402,79.0
403,69.0
404,59.0
405,71.0
406,68.0
407,84.0
408,74.0
409,69.0
410,73.0
411,85.0
412,70.0
413,78.0
414,66.0
415,63.0
416,61.0
417,85.0
418,69.0
419,84.0
420,78.0
421,71.0
422,73.0
423,81.0
424,68.0
425,83.0
426,59.0
427,69.0
428,74.0
429,73.0
430,56.0
431,56.0
432,50.0
433,75.0
434,68.0
435,77.0
436,65.0
437,70.0
438,80.0
439,71.0
440,83.0
441,85.0
442,80.0
443,53.0
444,71.0
445,81.0
446,63.0
447,68.0
448,64.0
449,75.0
450,68.0
451,61.0
452,64.0
453,69.0
454,79.0
455,63.0
456,72.0
457,80.0
458,58.0
459,70.0
460,65.0
461,68.0
462,75.0
463,72.0
464,75.0
465,59.0
466,64.0
467,75.0
468,64.0
469,78.0
470,65.0
471,69.0
472,73.0
473,78.0
474,83.0
475,78.0
476,74.0
477,76.0
478,64.0
479,86.0
480,60.0
481,61.0
482,78.0
483,87.0
484,64.0
485,73.0
486,76.0
487,56.0
488,64.0
489,81.0
490,78.0
491,69.0
492,79.0
493,59.0
494,60.0
495,66.0
496,69.0
497,72.0
498,75.0
499,73.0
500,60.0
501,71.0
502,57.0
503,68.0
504,77.0
505,76.0
506,82.0
507,64.0
508,73.0
509,60.0
510,67.0
511,62.0
512,77.0
513,57.0
514,58.0
515,71.0
516,69.0
517,71.0
518,59.0
519,76.0
520,77.0
521,64.0
522,66.0
523,83.0
524,83.0
525,74.0
526,55.0
527,64.0
528,64.0
529,73.0
530,61.0
531,70.0
532,78.0
533,70.0
534,69.0
535,73.0
536,65.0
537,79.0
538,79.0
539,63.0
540,52.0
541,78.0
542,57.0
543,78.0
544,70.0
545,81.0
546,70.0
547,69.0
548,59.0
549,66.0
550,81.0
551,75.0
552,77.0
553,70.0
554,75.0
555,67.0
556,73.0
557,60.0
558,67.0
559,69.0
560,57.0
561,74.0
562,77.0
563,66.0
564,64.0
565,63.0
566,70.0
567,71.0
568,70.0
569,66.0
570,60.0
571,80.0
572,65.0
573,72.0
574,72.0
575,75.0
576,79.0
577,70.0
578,76.0
579,56.0
580,68.0
581,60.0
582,75.0
583,73.0
584,79.0
585,59.0
586,71.0
587,56.0
588,74.0
589,74.0
590,63.0
591,70.0
592,60.0
593,78.0
594,65.0
595,76.0
596,58.0
597,65.0
598,71.0
599,75.0
600,64.0
601,61.0
602,70.0
603,65.0
604,65.0
605,75.0
606,69.0
607,55.0
608,62.0
609,61.0
610,61.0
611,58.0
612,63.0
613,65.0
614,58.0
615,74.0
616,76.0
617,72.0
618,81.0
619,66.0
620,79.0
621,71.0
622,79.0
623,59.0
624,71.0
625,79.0
626,64.0
627,70.0
628,69.0
629,74.0
630,64.0
631,62.0
632,63.0
633,66.0
634,63.0
635,54.0
636,71.0
637,66.0
638,69.0
639,64.0
640,52.0
641,68.0
642,75.0
643,72.0
644,59.0
645,51.0
646,85.0
647,52.0
648,70.0
649,74.0
650,60.0
651,80.0
652,72.0
653,68.0
654,63.0
655,61.0
656,77.0
657,58.0
658,83.0
659,74.0
660,69.0
661,62.0
662,79.0
663,65.0
664,64.0
665,66.0
666,53.0
667,79.0
668,76.0
669,88.0
670,68.0
671,53.0
672,76.0
673,65.0
674,78.0
675,61.0
676,54.0
677,75.0
678,78.0
679,77.0
680,58.0
681,59.0
682,74.0
683,68.0
684,72.0
685,62.0
686,72.0
687,69.0
688,59.0
689,57.0
690,72.0
691,74.0
692,77.0
693,71.0
694,61.0
695,65.0
696,79.0
697,74.0
698,65.0
699,81.0
700,74.0
701,72.0
702,82.0
703,59.0
704,69.0
705,79.0
706,80.0
707,66.0
708,75.0
709,68.0
710,74.0
711,57.0
712,65.0
713,75.0
714,62.0
715,56.0
716,69.0
717,61.0
718,73.0
719,61.0
720,63.0
721,73.0
722,70.0
723,76.0
724,65.0
725,78.0
726,67.0
727,58.0
728,69.0
729,70.0
730,60.0
731,71.0
732,65.0
733,67.0
734,70.0
735,68.0
736,75.0
737,73.0
738,68.0
739,75.0
740,61.0
741,62.0
742,78.0
743,66.0
744,51.0
745,72.0
746,71.0
747,74.0
748,83.0
749,70.0
750,65.0
751,66.0
752,66.0
753,73.0
754,74.0
755,76.0
756,75.0
757,67.0
758,76.0
759,58.0
760,69.0
761,64.0
762,79.0
763,75.0
764,67.0
765,84.0
766,80.0
767,53.0
768,67.0
769,60.0
770,83.0
771,68.0
772,63.0
773,77.0
774,71.0
775,69.0
